0 15
0 0
0 11
0 13
0 14
1 13
1 2
1 5
1 0
1 6
2 12
2 8
2 3
2 2
2 6
3 9
3 19
3 18
3 17
3 7
3 12
3 10
4 10
4 8
4 1
4 16
5 18
5 3
5 14
5 16
5 15
5 10
6 6
6 16
6 19
6 8
6 4
6 7
7 1
7 14
7 13
8 12
8 6
8 16
8 13
9 11
9 2
9 6
10 18
10 13
10 11
10 14
10 1
11 17
11 6
11 19
11 18
11 2
11 15
12 3
12 16
12 15
12 7
12 14
13 14
13 17
13 16
13 7
13 8
13 18
14 11
14 18
14 7
14 15
15 17
15 10
15 7
15 6
15 12
16 11
16 3
16 5
16 10
16 9
16 6
17 12
17 8
17 16
17 7
17 15
18 2
18 11
18 12
19 18
19 6
19 19
19 16
19 14
19 2
19 5
